1000110100101111011011000011101000011111110110010111110101010011
01010000100000001010100000010100001101001001110000111001110011010111011101001111000010000011011000111111000111010010001011110100000111100110010001110111111100110010010001101001101111000100001101110011001010101010011101010101000011101101100110100010101110000100001110001001001001100100100011011110000001011011011111110101001011100010001100111001110010110100011100110100100001000010010001100001000011011000110100001001101010100110100000001111011001111011100111100000001011101010000001010000100010000001001010110010
0110111111010001100101101011010110000001010000100101101110101011
10010001100101111000100101111000001110000110110110100101001111111100111111011000100011110100100101100000100110110010101110100011010111111000100011000111010011011101001111111011001110110110100010100001101000001010101111110101110110000010001111111101001000111101111111111010010100111011000110111010000110010100111001001111111110101011111010001100101011110101100101001110011001110010101101100110111010111010110000001001000101010111000110100001111010111110001100100010101110011001111000101101010110000101000111011001
1101111011111011001010010001111110101101001011111110001101010000
00100011111011000000111001101100000001010101000000001100011001011110001110010111100010100001100111010011100000110001001110001010111011011110101000100111010011011111111000010001000111011101100011110000001111101100100101100000111001100101001011111100010001110010011100001000001111111111001100101001100111101110101011111111010011010111010000001111000100001001010000001000110101111110101010101110111101100011010111100011111111111101101011100111000101011110111110000010000101100101000100101101111011000111111001100110
1100000000010101010010000101011111010111101111001101011110011111
11001110010000000011111100010000111111010100010110000101001011111111110110101111111110000001011110000101000100110011000010101101101000010000010101101011001000101001100110110110110001101110101111111110000000101011101010011001111000000100101110001001101011001000000111011000100000111111110110100010111100101101010010000101011100001010010000101010110100001100100100000100010100001111100011011000000101000011110110000111111100110010011001100100000100001011100001111001001101101110101011010111110011011101000111001000
0100111101000100001011111101110100100110001000111110010000011100
00010111101001101001011011111011111000010011111001100010110100111010011000000011111000111101000110010101110001011101010111100101100010101010001001001010010000110000001100000001111000010010000111111000101111000110000110011011000100011011101111100011101111001010111000110111011100110100100111011100000101110011111110001010111110100100100111011001010000010101111111100101110010011100001110111000111010110110100001011010011101000100100100011000010111000001111110100000101111011000110001011100111101010100100001000000
1001001011101101100111000100100111001001100110001101100110111000
10001011011000011100011011010100101001001011011101000111100111101000010100100010101011011100100001010010011001100110011111000100110010111111101111100000000111001001100001110101111110011100001101010001111100010110010110000111110001100010011011011100001001011000100101001101000011000111000100010001001101011100110111011011110001001100100010111100010010001100100000110011000000101001111000000100110010100100111110100010110101101111100000100110001011110001010000110111000000111011100000111001101001111110111001111111
0010101111011110011101000010010000110110010110111100111111111110
11010111010010000101100101011000010100100010001011001110111010101100010011111100000101011010110001100111001111101010110110001011111110101101111111100110110000110100100111000100000000001111000110100011001110100010010010011010000111000101100010001110010100010101011111001101001011110111110000010001010100010010100110110001100010110111000110001110001010100010000010100010011110111010110011001100100011101111000011011001001011011000000001011101110010100010111010011000011110100111101011000110010011001001001011101110
1100010111111001000010011110001101100101001111110000000110011011
10111001101101100001000111101000001010010001010011100000110000001010011010010011110111111101011000011100011110101010110011001100101001110011110011001101010111100101110110111110010111110100110111100110101011101100100111010101100010001101010110000001100001100001110110010000011100101010011000011001101001001000110100000010101111000000011000000100101100011000101001011011001001111110110100101001101001110110000110001101010110001011111000101000010110111110100111001011001111110001010011011001110100110110111010101110
0101110111101111000000100000111001110101101000000111101000110100
01001101110001111101110001100001011100011100000111111101000001011000111100010010001111101011111100111000101011101010010111001000111011001010100100001011001100100110101111000001111101110110110001101111101010011001111000111110101010110100101101111011111011000101101011100110010010000011110000111100100010000110111010110111111110011011001010110010000001010101010101010101000101000111111111110100101111011010000100110011001010110111011101100000000101001111001001011110101101001100111000111100001100101011101110011111