0001
1100110110101101001010001110100110000010101010100110011101000101
1010101101001001010010000001110001010001100100110111010011010011
1101011111101110101110101011000110111111000011100000100000111111
1110100100111011000110010010101011111100110011101101010110000011
1111000011001110101011001010110110011000001110110011011101110000
0110111100111111110011011100111100111010010001100001011111001011
1111010110000001111001010000001100001001111000101010100011100010
0100000000011111001110111101101111110111101101100011000011011001
1100100010111000010000011110001001101100101000010111000100010101
0002
0010011000110001110010011111010111001110110011011011000000100110
1000000010000111001110010000011101101101111110110001001100100010
1101110001100111101110111000101101010101110111010110001011101101
1110011011111101010100110001001111101111011110010100110011100001
0001000100100110110111010001011010001101010111100100011000111100
1101000101110001100101011110110011101110011010101101001111110000
1101110000101001010010001000100010000111101011001011011111101010
0001100001000010100011101010011010001000011000100011100010011010
1001110000001010100001110001010100011101010010101101001000111101
0003
1001010000000001110001000001011111001110100101011000011111100111
0101010101001010001110010011001101111111100110000110011111100110
0101110001001000010110111010110011111110101111111000111111000110
1011101110111010011000011101011101100000001110001000011100110111
1111001000101100101001011001101001101000110101111001010000100001
1100111000000000100011000101011011000110001001000111110001110110
0101000000110101010100011010101000000110101011000101011111110011
1001001111101110001100000011001000001000100111010001000100101101
0100101011001001111011101111010010011111110000000110101010000011
0004
0010110001001100011010110001010011001111011011111110011111111100
1100000001010100100101000101110000111001111110011110001110011010
0101101000010100001101110001010100101100000110000101101110010100
1000000111011011110101010011110011110101110000101100001110110110
1110101100001001011011011000101111010000010011111000001001101110
0101101000011010011001110101110001111000001111011011111111110010
0010110100010101111010010100001001100101001101100110101110101111
0011100011100000001100110010000000111001110100011001001100000000
1011001101000111000001001000111101000111000000010110101111110000
0005
0100100101000101101101100100011100000101111000110000100000001001
1010101000110000101000001000000010101101010100000111100011001100
0111110111110111110110111011111011011011101110111011111001001111
0110101100100110110011111100000001100111011010101110100011010110
0101101001000110101011001100000010111010011011000000100011110011
0100001100010111010101001010111001011010011110111001101010011001
1110010111101010000111101111101100100010000010011101101111110001
0010100100110110011110011011001001111101001110111011110110010101
0110000001010001111111101110011110000111000011100010011110000011
0006
0011000101011101011010011000111011010000110111010110011000110001
0010110111010011000110010111000001110101001101101100011010100110
0111000001000010110011001011010111011101110100100011011101010010
1111101111111110011011001101101001011110010000101111101111110010
0001001111111000000110001111111110101001010101100010000001100011
0001100110011011111001011101111011100110011100110001100000001010
0011100011010001001011010011001100000101010110000101110011010000
1011111100001001101000110101110011100001100001011101111000100110
0010001111111110011110110100101000101010000100101010100110001101
0007
0011010100000000000101100001001000011101100101111101000100111011
0011111101100110110010000111001101001110001011110000000100000011
0000010111100000001100111101011111101101110100011010110100000011
1100011011101010000001001100010010010110010010100001101001000111
1110010000000100101011001111011011111101010000010010100001110111
0100101101001111101110110010011001111000100011010111100000100000
0100000111100100001011010001010001010001111011110100111110100000
0101010001101000100111011011101010100001000100011001100011010110
0101110101101000110101110111001001111010110110011001101000000010
0008
1001110000110110111100100101100100000010000111101110011001010101
0100100111110011110001110010010101110111111111001110100010001010
0110001101101100011100000011101010001011010111001011010000101000
1010101010101010100111011001001000111100011010100100010111111100
0110010101000010101111010101000010000110100101011000010111101000
1010010011101110111100011100001010011101011011101010111011100011
1101000000110110001101011011110001000010110000100010111110011110
1110100100010010111100000111100110001000000110010100001010000110
0011111111100011100111010001101001000001101001111010111010101011
0009
1011110001011010111010101110000110111011100101000101000111111110
0101101010111101010001011001100001101101110010001100011110010101
0101110100110110001011001111110101010110110011101001001000000010
0000110000001001100111011001011001101101111010011111110010001100
0011100111110101110100001000000110011111010010100100111111101111
0110100011101101110110010100101110000110001011110101101101100101
1011100100110000111010010001011101000101000111101010100111000010
0110000101110000110010101010001010011000100111010111011010010110
1111110100011110111001001101011100100101001110110011110001000011
0010
1100001001011011000001100111010010101111011110110101100001111011
1101110010000101001011010000001010111100001100000100001011100001
0101100011010011001011011001111111011101111110011001000010001111
0011001101010000001110000011011011101110100100111111101110111100
0110111010111101100101111001001111001111001001100011110100000110
0010100010110010000011011001001011010101001100111011010110011100
1001110001000111000010111100100100100011101110101110111111000001
0011100000101110001100001111010001011110110000111010111111111010
1101101111101111010101101010011010111000101011101010011110101100
0011
1010101110010000101111110101111011000101110011011110110001101010
1011000010000011000101100100110110000101001001001000000000010100
1111110101101000111010010010000101100010011100100001001100101110
1110000000101011111010101001000000001100000011101000101010111000
0000101110000011101111000101011110101011000010001111100101111011
0101001000111111110000011001111011010000100100101000001110110011
0100010100010000001001000011100110010110001110111011001010111001
1101111100100011011100111000010111101101101100011101010110101010
0101001010100011000101110000010100101000100001110000101011101111
0012
0100100101101011111010000100000101111011000011000111011100100111
1001110011000100010111000101111000110110110101100010111101010011
0111100001001110011110010010101001001100100010010011100000000000
1100100000101110010000011100001110110101000000100000101111101011
0111110000000111110100000111111111001100010001011100010000000001
0001001100101110101111111100100100001011000011111011011110010110
1110101110101100110111001011111111000111101111101110110110010100
0000010000100110011010010111101000001110111000111000001111100011
1111110111000110010011011101100100011110011001010010111001101111
0013
0111101000000000110010111001101010111011100111101111111111111011
1011110110101101110000101001101001101011100000011101011110101011
1101010101011100011010000011011001110010000101100010011010010110
0100110110001111010111001011111111101001110001000100101101101110
0010001001001001000010101011010011011110001100101100010110111101
0011110110111000010001011011000101111111100101111101100000001100
0101010011111111110110100011010111110111000011001010011111001110
0101010001101001000010001000000011011111100111100100101000111011
1010100101011001000011000111010101000110000000111010100010001000
0014
1000101101110011001110101111011111111110011011101101100001010011
0011111001010101111100010100100010101000001001000110000010110110
1100110001101010011101111011001010101010101000101100110100000001
0111100010010100101111101010000111111011011100101100001011111010
1100101001011011010110000010010011111010010000110100100000010101
0110110001111001011000111100101100000000111000100010000100110001
0101000001101001111001011001110100000100011001101001011000000100
0001111100111001110010011100001100100001111011011010011111000111
0000011011111011111100000010101001101010111010100100011101011100
0015
0011010110111101001010001001000100110101011011101010011110010010
0100000111110111100101010001010100011111001111011000100011111100
0111110110011111100000010011111001011010011101010110101000111111
0111010001101011100101100000010001001001111110010101110101111010
0111111111001100111011100011010101000000101011111001110101010001
0011111100101001101000110111010110111001110110001001000111001001
1000000100010011100110010110001100001110000001101110000110000100
1111101110111110010110000110111000110111100001101110110100101100
0000110000011110100001100010010000011011110111011101000010100010
0016
0000010101101100110110000100010000010111110001001111111001101101
1011111011011001000000100011011011001101000101101011001111010010
0101110111001110111111001000110101100110001111010101000101000010
0101111111101010001100100101110101101111010101010011111000011010
1001011101001001010001101011000110111101100000100101001000001001
1111110011000000110100100010101100101011110001111110000101110101
1000010110001000011101110111010110100110111110100001101011011010
0100100111010000101000010001111111100111010000110000011011011110
1001100100101000100000000000101001100001110100000001101011000101
0017
0110011000000001101000011100001111001000101011101010100100101011
1100100010100111101101110010110100101000010000001101000110001001
0101100001000010110100001110101011010111101001011101011010101101
0010101011110001010010011100011011001011010100101010001100010001
0100010010111101001011111101100100101110011111011011011001111110
0110100010010010001010010110110011010111100000001011011111001110
1100010111100110100101010010001101101001110111101101100110101111
0111101011111101100001010000110111100110011100111001110111000001
0001011010110111111110101110110001110111001111011001110100100000
0018
1011011000000101111101001100101010111110111101011100101001101101
0010111100000001010010100001010001011000001111101101110100010111
0110011101100101111100010100000111001000100100011011011100011111
1110000000110010001110011001111010001000011000011010011001100010
1000011101110010110111000010011100011101101110111011101111110001
0011100111100111100011101110001110011010011111110110011000001100
1100100011100100101110110100110011100010111001110110011000001010
0010101011000110011100011011011010111011101011010110100100001011
0001001001101111111100000101001101101111101110010100010001011000
0019
0101100010011110110110010011011010110001110100101001001001110010
1110001100011011000101000100100000110100010011111110011010101110
1101001110000000011110101101110011100001011100010110111110100001
0000100011111010100110101000100000110000010110110110011000100001
0101011000100010111000100111000110111011111111100011001101000011
0111010100000010100001111001010011000000110001110000010110011010
0100101111000111111000000111110001001110110000110001000110111111
0011010000100101100001111100101111110011010001111011101100110000
0000111111010111011111111100011111000010111101001100010100000111
0020
1010101011101101101010110110011101000111110001010110110001111100
1011001101110001100010101011111100010001010001101001111000010001
0010000111001110011001110010000111100001100100100110001001100101
1111000110101100011011100111011101100000000110000100011010001011
0000001111110000111110000111000001100100111001111100100101110101
1111101001010011100000111010000001000011000011100110011000111111
1110100110010100010001110111000111100001001110110101000111101000
0111111111011100101010000001101011001011100100010000101101000010
1001000000011101000110001001111011100010101111100010011110101111