0001
1111011100001101001000010011111110001111101000011100001111110011
1101001111001000010011010001111101001010010011000110000110110100
0002
1011100011101001101110111010100111110011110000001000000110011001
1011010100110111111001101001010111010100011110111011011110101011
0003
0111101101011000000111101000000010001110010111011010101100111100
1111111111111001001010000000011000010100101110101111111001010000
0004
1010010001111000110110000100001001110001100101101000011001111110
0101001000000111010010101110000110100000101010000001111101110001
0005
1100011001100011101011011101011101101110110010111111011011110110
0001011000001000110101001011011100010101010011010100111001010011
0006
1111111010111110111100110011010101110110111000010000110101011010
0101111110110001011000011001000000000100100100111011101000011111
0007
1101011000111100001010100101010111101001001000100001101011101011
0110000110010100110101110100110011001101110011100010011001001001
0008
1110110110100011111000000001101111011001000000101010000001000100
1000000000110110000011111000110110110000000101101011100011000000
0009
1110010001111100010110000101011011111000010000110101101111010000
0111000010010101000010110111001111001101101011000101010000110111
0010
1010001110101111011011101100100010010010110110000000001000011001
0010101100001101011100000000101011010111001110110110101010011101